358.38 74.00 47
355.53 77.00 47
321.52 104.00 47
317.30 178.00 47
314.49 183.00 47
311.68 202.00 47
308.16 114.00 47
306.75 111.00 47
305.35 107.00 47
303.94 103.00 47
303.24 103.00 47
300.41 106.00 47
298.99 111.00 47
298.28 112.00 47
297.58 110.00 47
296.86 109.00 47
296.16 108.00 47
295.46 107.00 47
294.74 106.00 47
294.03 108.00 47
293.33 109.00 47
292.61 109.00 47
291.91 110.00 47
291.20 110.00 47
290.49 107.00 47
289.79 106.00 47
289.08 106.00 47
288.36 105.00 47
287.66 106.00 47
286.94 106.00 47
286.24 106.00 47
285.53 107.00 47
284.11 111.00 47
283.41 112.00 47
281.28 334.00 47
280.56 334.00 47
279.86 331.00 47
279.16 325.00 47
278.44 316.00 47
277.73 310.00 47
277.03 306.00 47
276.32 302.00 47
275.61 299.00 47
274.89 297.00 47
274.19 294.00 47
273.49 291.00 47
272.79 289.00 47
272.08 286.00 47
271.38 282.00 47
270.68 281.00 47
269.97 279.00 47
269.25 276.00 47
268.55 275.00 47
267.85 274.00 47
267.14 274.00 47
266.44 271.00 47
265.74 266.00 47
265.03 262.00 47
264.33 260.00 47
263.61 259.00 47
262.91 258.00 47
262.21 258.00 47
261.50 256.00 47
260.80 254.00 47
260.10 253.00 47
259.39 251.00 47
258.69 250.00 47
257.27 272.00 47
256.56 273.00 47
253.05 485.00 47
249.52 2079.00 47
248.81 2084.00 47
247.41 1682.00 47
246.69 1652.00 47
245.99 1636.00 47
245.29 1643.00 47
244.58 1660.00 47
243.86 1683.00 47
243.16 1702.00 47
242.46 1717.00 47
241.74 1734.00 47
241.03 1752.00 47
240.33 1769.00 47
239.63 1788.00 47
238.91 1807.00 47
238.21 1827.00 47
237.50 1847.00 47
236.78 1869.00 47
236.08 1891.00 47
235.38 1914.00 47
234.66 1940.00 47
233.95 1966.00 47
233.25 1992.00 47
232.55 2019.00 47
231.83 2048.00 47
231.13 2079.00 47
230.43 2109.00 47
229.71 2140.00 47
229.00 2172.00 47
228.30 2206.00 47
227.58 2241.00 47
226.88 2278.00 47
226.18 2316.00 47
225.47 2356.00 47
224.75 2398.00 47
224.05 2440.00 47
223.35 2486.00 47
222.63 2537.00 47
221.92 2587.00 47
221.22 2637.00 47
220.50 2694.00 47
219.80 2755.00 47
219.09 2816.00 47
218.38 2880.00 47
217.67 2949.00 47
216.97 3023.00 47
216.27 3100.00 47
215.56 3182.00 47
214.86 3273.00 47
214.16 3311.00 47
212.75 3183.00 47
212.05 3152.00 47
210.63 2963.00 47
209.93 2962.00 47
207.82 301.00 47
206.41 2930.00 47
205.71 2920.00 47
205.00 2919.00 47
204.30 2915.00 47
203.58 2915.00 47
202.88 2916.00 47
202.18 2922.00 47
201.47 2944.00 47
200.07 3065.00 47
198.66 2815.00 47
197.96 2799.00 47
197.25 2790.00 47
196.53 2784.00 47
195.83 2780.00 47
195.13 2775.00 47
194.43 2768.00 47
193.72 2762.00 47
193.02 2759.00 47
192.32 2756.00 47
191.61 2755.00 47
190.91 2752.00 47
190.19 2750.00 47
189.49 2748.00 47
185.25 360.00 47
184.53 353.00 47
183.83 347.00 47
183.13 347.00 47
182.42 350.00 47
181.01 330.00 47
180.30 322.00 47
179.60 319.00 47
178.88 318.00 47
178.18 315.00 47
177.47 314.00 47
176.77 312.00 47
176.05 309.00 47
175.35 305.00 47
174.64 302.00 47
173.94 299.00 47
173.22 295.00 47
172.52 293.00 47
171.82 290.00 47
171.11 289.00 47
170.39 287.00 47
169.69 283.00 47
168.99 281.00 47
168.28 280.00 47
167.56 279.00 47
166.86 278.00 47
166.16 278.00 47
165.45 276.00 47
164.73 276.00 47
164.03 274.00 47
163.33 272.00 47
162.63 272.00 47
161.91 270.00 47
161.21 268.00 47
160.50 268.00 47
159.79 268.00 47
159.08 266.00 47
158.38 265.00 47
157.66 263.00 47
156.96 260.00 47
156.24 261.00 47
155.53 262.00 47
154.83 260.00 47
154.11 264.00 47
153.41 266.00 47
151.98 256.00 47
151.28 253.00 47
150.57 252.00 47
149.86 252.00 47
149.14 252.00 47
148.44 253.00 47
147.74 252.00 47
147.02 251.00 47
146.32 251.00 47
145.60 250.00 47
144.89 250.00 47
144.19 249.00 47
143.47 248.00 47
142.77 247.00 47
142.05 246.00 47
141.34 245.00 47
140.64 244.00 47
139.92 244.00 47
139.22 243.00 47
138.50 240.00 47
137.80 239.00 47
137.10 239.00 47
136.38 234.00 47
135.68 230.00 47
134.96 229.00 47
134.25 227.00 47
133.53 224.00 47
132.83 222.00 47
132.13 220.00 47
131.42 219.00 47
130.72 218.00 47
130.02 217.00 47
129.31 217.00 47
128.61 216.00 47
127.91 216.00 47
127.21 216.00 47
126.50 216.00 47
125.80 217.00 47
125.10 218.00 47
124.39 217.00 47
121.56 387.00 47
120.86 382.00 47
120.16 378.00 47
119.45 374.00 47
117.34 202.00 47
116.64 203.00 47
115.94 206.00 47
115.24 209.00 47
112.41 236.00 47
111.70 238.00 47
111.00 237.00 47
109.59 248.00 47
107.48 424.00 47
106.78 421.00 47
