357.07 81.00 47
351.39 82.00 47
349.27 82.00 47
321.61 108.00 47
314.52 186.00 47
311.68 183.00 47
310.97 185.00 47
308.14 113.00 47
307.42 113.00 47
306.00 109.00 47
305.30 108.00 47
304.60 105.00 47
303.88 104.00 47
302.47 99.00 47
301.05 105.00 47
300.33 106.00 47
298.91 111.00 47
298.21 111.00 47
296.78 109.00 47
296.07 109.00 47
293.94 108.00 47
293.22 109.00 47
292.52 110.00 47
291.80 110.00 47
291.09 109.00 47
290.38 107.00 47
289.68 107.00 47
288.96 106.00 47
288.25 106.00 47
287.53 106.00 47
286.83 106.00 47
286.11 107.00 47
284.69 110.00 47
283.99 110.00 47
281.85 337.00 47
281.15 334.00 47
280.43 335.00 47
279.72 329.00 47
279.00 321.00 47
278.30 314.00 47
277.58 308.00 47
276.88 305.00 47
276.16 303.00 47
275.45 299.00 47
274.74 296.00 47
274.03 292.00 47
273.32 290.00 47
272.61 288.00 47
271.90 285.00 47
271.19 283.00 47
270.49 281.00 47
269.79 278.00 47
269.07 276.00 47
268.36 274.00 47
267.66 274.00 47
266.96 274.00 47
266.24 270.00 47
265.53 265.00 47
264.83 263.00 47
264.11 261.00 47
263.41 259.00 47
262.71 258.00 47
262.00 257.00 47
261.28 255.00 47
260.58 253.00 47
259.88 252.00 47
259.17 252.00 47
258.45 251.00 47
257.05 268.00 47
256.33 269.00 47
254.22 464.00 47
252.80 484.00 47
251.39 92.00 47
249.97 2083.00 47
249.27 2078.00 47
247.85 1696.00 47
247.14 1671.00 47
246.44 1643.00 47
245.72 1635.00 47
245.02 1646.00 47
244.31 1668.00 47
243.59 1692.00 47
242.89 1708.00 47
242.18 1723.00 47
241.47 1740.00 47
240.75 1759.00 47
240.05 1778.00 47
239.33 1796.00 47
238.63 1814.00 47
237.91 1834.00 47
237.21 1857.00 47
236.49 1878.00 47
235.78 1901.00 47
235.06 1925.00 47
234.36 1950.00 47
233.64 1978.00 47
232.94 2005.00 47
232.22 2033.00 47
231.52 2062.00 47
230.80 2092.00 47
230.10 2123.00 47
229.38 2154.00 47
228.67 2187.00 47
227.96 2222.00 47
227.25 2259.00 47
226.53 2296.00 47
225.83 2336.00 47
225.11 2377.00 47
224.41 2418.00 47
223.69 2462.00 47
222.99 2510.00 47
222.27 2562.00 47
221.57 2612.00 47
220.85 2664.00 47
220.14 2724.00 47
219.42 2785.00 47
218.72 2848.00 47
218.00 2915.00 47
217.30 2985.00 47
216.58 3060.00 47
215.88 3140.00 47
215.16 3230.00 47
214.45 3306.00 47
213.05 3200.00 47
212.33 3169.00 47
210.93 2975.00 47
210.22 2963.00 47
208.80 294.00 47
208.10 296.00 47
206.67 2942.00 47
205.97 2928.00 47
205.27 2919.00 47
204.55 2913.00 47
203.85 2912.00 47
203.14 2916.00 47
202.44 2916.00 47
201.72 2931.00 47
200.31 3060.00 47
198.89 2824.00 47
198.19 2805.00 47
197.48 2794.00 47
196.77 2786.00 47
196.07 2781.00 47
195.36 2777.00 47
194.66 2770.00 47
193.94 2765.00 47
193.24 2762.00 47
192.54 2759.00 47
191.82 2756.00 47
191.11 2754.00 47
190.41 2751.00 47
189.71 2746.00 47
188.99 2747.00 47
184.74 356.00 47
184.03 351.00 47
183.32 352.00 47
182.61 354.00 47
180.49 324.00 47
179.77 321.00 47
179.07 319.00 47
178.35 316.00 47
177.64 315.00 47
176.94 313.00 47
176.22 308.00 47
175.52 305.00 47
174.80 303.00 47
174.09 300.00 47
173.38 296.00 47
172.67 294.00 47
171.97 291.00 47
171.25 289.00 47
170.55 286.00 47
169.83 284.00 47
169.13 283.00 47
168.41 281.00 47
167.71 279.00 47
167.00 279.00 47
166.28 278.00 47
165.58 277.00 47
164.86 276.00 47
164.16 275.00 47
163.44 273.00 47
162.73 272.00 47
162.03 271.00 47
161.32 269.00 47
160.61 269.00 47
159.90 267.00 47
159.19 266.00 47
158.47 265.00 47
157.77 264.00 47
157.07 261.00 47
156.35 258.00 47
155.64 258.00 47
154.92 259.00 47
154.22 262.00 47
153.52 266.00 47
152.80 264.00 47
152.09 256.00 47
151.38 252.00 47
150.67 251.00 47
149.96 251.00 47
149.25 251.00 47
148.55 251.00 47
147.83 252.00 47
147.13 251.00 47
146.41 250.00 47
145.71 250.00 47
144.99 249.00 47
144.28 247.00 47
143.58 246.00 47
142.86 245.00 47
142.16 245.00 47
141.44 245.00 47
140.73 244.00 47
140.02 243.00 47
139.32 242.00 47
138.61 241.00 47
137.89 239.00 47
137.19 237.00 47
136.47 234.00 47
135.77 231.00 47
135.05 229.00 47
134.35 227.00 47
133.64 225.00 47
132.92 224.00 47
132.22 224.00 47
131.50 224.00 47
130.80 221.00 47
130.08 219.00 47
129.38 219.00 47
128.67 219.00 47
127.96 218.00 47
127.25 217.00 47
126.55 218.00 47
125.83 218.00 47
125.13 220.00 47
124.41 221.00 47
123.71 224.00 47
122.28 354.00 47
121.58 358.00 47
120.88 360.00 47
120.16 359.00 47
119.45 356.00 47
118.73 351.00 47
117.33 214.00 47
116.61 211.00 47
115.91 213.00 47
115.21 218.00 47
113.07 245.00 47
112.36 248.00 47
111.66 248.00 47
108.11 430.00 47
107.39 427.00 47
106.69 423.00 47
105.99 427.00 47
